-0.000076481759964035429030099200176096019
-0.000063157630084193159256990279804000465
-0.000083751372713433946395542029073055801
-0.000103617302922101703257368177091279904
-0.000120169815827346292526692228541662644
-0.000130247116810029722354033476783286005
-0.000130220108813107948372844724360675173
-0.000116160312044956239084340932077310526
-0.00008406354712027012108556400793446528 
-0.000030121028908864934506327618035648186
 0.00004897547815495640938145832654626588 
 0.000155712402537326458692307218356631893
 0.000291438754575822273930330030822233311
 0.000456080407889231109492406135430542236
 0.000647909413946671001137411760595341548
 0.000863392535872539311665729844236238932
 0.001097140240279397211189960081867411645
 0.001341972459923053721461694287597765651
 0.001589110733212599274252752046265868557
 0.001828498163303309692606646308377094101
 0.002049239516265810925887969062841875711
 0.002240144306218102860511764973239223764
 0.0023903465845670911378573197936248107  
 0.00248996709962777916513854137292582891 
 0.002530777223410590488078542037442275614
 0.002506820196603376689481468275744191487
 0.002414944311131978285644983373003924498
 0.002255204953118299798786594578814401757
 0.002031098053030817428971088745015549648
 0.001749596279771648520140470139949684381
 0.001420970857986098099395855243187725137
 0.001058395529700575671966378266120045737
 0.000677344063367706886343022620877718509
 0.000294807816966429902128671303174201057
-0.000071625912998320086667175532468831989
-0.000404781792929858762111056114108009751
-0.00068892843136371026933895134192198384 
-0.000910766952716884252774787178452697844
-0.00106030789778411562926385691696395952 
-0.00113157225688911779355738662644625947 
-0.0011230613524847200823675308356541791  
-0.001037953654412479814056480265094251081
-0.000884003690164493764920561336140281128
-0.00067313794292583504445121045378641611 
-0.000420763692668834775236635925566019978
-0.000144827660539088365950627368405889683
 0.000135319488391300285067692099616465384
 0.000400180748148021379201333402875206957
 0.000631409010034252602197590853450037685
 0.000813052632337124265952954527136853358
 0.000932661484921653281300601978642816903
 0.000982171576761057965945789227646400832
 0.000958499608513604440564181974337998327
 0.000863797564490008796915521127601778062
 0.000705340583668273373406376602900991202
 0.000495047265016931446919568049480631089
 0.000248658427629097026224230804203330081
-0.00001537382382216837776057333231349844 
-0.000277212067983755657170352737495022666
-0.000517081949563320516019548911401670921
-0.000716738773191601097854730451075511155
-0.000860843997098131516465535639781592181
-0.000938147243161510636065558710328105008
-0.000942381369206496703402886616629530181
-0.000872797428882376362217765386475321066
-0.000734291733404207895737070277419888953
-0.000537106974049027826971502985742290548
-0.00029612131487451339145050566159511618 
-0.000029771130737375715315760904555730804
 0.000241317808506877448833372046266276811
 0.000495891748985565015278575984325470927
 0.000713706826658655306416800812030487577
 0.000877118616925526804750656850728773861
 0.000972499354908943096018059115692722116
 0.000991369248682067534181316936781058757
 0.00093114784046065214497683859562471298 
 0.000795458739112233953645614281668940748
 0.000593954328487707899388026167031284785
 0.000341663805797489034989100620265389807
 0.000057905333272191103119973243362750281
-0.000235161729155858637528575538766517639
-0.00051423843425628076083538919860416172 
-0.000756713105035192136124666539842564816
-0.000942471895442971462943104743459343808
-0.001055549416011173670393308299253476434
-0.001085485003667390358633726421544452023
-0.001028270316500830717371117728475837794
-0.00088680361594123803623684887398326282 
-0.000670803257390652500798122748193463849
-0.000396174789437441149993895939118715432
-0.000083869451340825586747873554571697241
 0.000241686659943707066351692436256826113
 0.00055447726959076935621811843546424825 
 0.000828951056542172825224168430935378638
 0.001042086683026868364904116148750290449
 0.001175302418731699301626680842502992164
 0.001216053425390546715093020857523242739
 0.001158980930266888904542343929904291144
 0.001006510113973283241858847070204774354
 0.000768835254127416206984535484991738485
 0.000463278391256348627547101415302677196
 0.000113057838963841823971823163930139344
-0.00025444871809231244712615205294525822 
-0.000609818948187600411332820460330594869
-0.000923917154215261665281544445349481975
-0.001170259303231958088881148327686787525
-0.001327221634227184181992198475086297549
-0.001379910468825894373154361538524881325
-0.001321533569293582930509467487922847795
-0.001154149593010363400794049404396446334
-0.00088871931416606778086908491331996629 
-0.000544436802134631858685054339730413631
-0.000147376449574073857323383562878404973
 0.000271451951242753701607629546188604763
 0.00067849757087455988321250677230977999 
 0.001040329738707313845039181821050533472
 0.001326357014424298574536975614535094792
 0.001511385062260515175017183686634325568
 0.001577801629328455653919482948310815118
 0.001517201658720352709652789968686192879
 0.00133130610945847156594001869933663329 
 0.001032081541978214925606160967674895801
 0.000641029966289136153914651750085340609
 0.000187685013734476815669416360776722286
-0.000292584108382214799597142995679632804
-0.000761300525300263809976020201730761983
-0.001179931675050410050387128535476222169
-0.001513025745947938708463320622854553221
-0.001731179749088672609538819280317056837
-0.001813593381819736914672969163575544371
-0.001749989976130865345499421081854052318
-0.0015417314598905221094404804915711793  
-0.001202015178171210495541854079704080505
-0.000755112088251529839366682494983251672
-0.000234682721637634658781376706393473341
 0.000318716706441309017769358824523351359
 0.000860756763578391444376169960861489017
 0.001346848550918109191365523713557195151
 0.001735773211394081626604557477833168377
 0.001993134802330657779495526327195875638
 0.002094350590524347768134338920731352118
 0.002026922704702702020262972126829481567
 0.00179178659076657440483992811408597845 
 0.001403601261524078198592024868673888705
 0.000889928754472808780651149618279305287
 0.000289339161955688229169170178067815868
-0.000351433971599271640067624344894170463
-0.000981082380196601289493174569145139685
-0.001547784207721261597739959015029853617
-0.002003419858452521948311009225562884239
-0.002307603486676629636620283747561188648
-0.002431196619210458566978649841416881827
-0.002359003242055934465581934489364357432
-0.002091403871173768466013020983496062399
-0.001644765645234238507152446651105037745
-0.001050560462058569002538610526187312644
-0.000353226350400808245238309934777021226
 0.000393089520155318343681838388903315717
 0.001128672910515348933382928642288334231
 0.001792957770536220954080142142572640296
 0.002329447275898248806424994938879535766
 0.002690445971793410575439997600710739789
 0.002841212349718492957695303857690305449
 0.002763177003688842975348549657610419672
 0.002455937155554078783065152791209584393
 0.001937829336684293145970370275676941674
 0.001244991718783601411871253539231929608
 0.000428947652225534809163065563808459046
-0.000447137025778554921071755723360752199
-0.001313258174494238376267540857611493266
-0.002098080267670109164829250758543821576
-0.002734719560677624592553991433874216455
-0.003166341823308709869932986435969723971
-0.003351114083609354338255670313628797885
-0.003266088258648610232609543757575920608
-0.002909668276118411358449611370247112063
-0.002302416409031437464355329680643080792
-0.001486081556960410941445327459575764806
-0.000520872551616310161363976316550861156
 0.000518857670223238408649391040228238126
 0.001550217425177050903015163463294356916
 0.002488257861471020616211946574480862182
 0.00325283354025756492669541053430748434 
 0.003775298358702545379467219177627157478
 0.004004489047474000390502979485063406173
 0.003911488338529519812047929860909789568
 0.0034927418894954466443980578560513095  
 0.002771221899129328210265033050063721021
 0.001795477678107416756592140671955348807
 0.000636578344301020910417365783473542251
-0.000616877350079338289921826454786923932
-0.001865347702730990207473094066870089591
-0.003006055197511596152604163023625005735
-0.0039412318176038256892224076466391125  
-0.004586257075197310885406043468037751154
-0.004877029563853177429599838887952500954
-0.004775951255611126516908981898268393707
-0.004275992978562705854050918219400045928
-0.003402444106615883784305864878660941031
-0.00221212029720280027589307536572960089 
-0.000789997801215173490498033803675070885
 0.000756553155513801467262069433417082109
 0.002305565952376800124140610037670739985
 0.003729760976008895598243775282298884122
 0.004906631368463373367438951078156605945
 0.005728558270008711483800567521029734053
 0.006112150972094939488377107750238792505
 0.006006037767540869931615077348396880552
 0.005396425525460616691442172765391660505
 0.004309895071357007327594867973630243796
 0.002813095686385572776616603718480291718
 0.0010092318540507567384972853474778276  
-0.00096851786022758806597721115139165704 
-0.002966264695699647770121831769074560725
-0.004820746539293215872368225660693497048
-0.006371941717791448564489620309814199572
-0.007476031682005042020011664760659186868
-0.008017718626623981936774043788318522274
-0.007920911688955823912183795698638277827
-0.007156878465048863331710027324561451678
-0.005749113511835414469519633939853520133
-0.003774393063386777616430300952288234839
-0.001359751164109917033820384979492246202
 0.001324591482824617706334779931864886748
 0.004076009553097094395557320467560202815
 0.006673337954604343161268964479404530721
 0.008892935295830302344644024969966267236
 0.010525861313994962914497577344263845589
 0.01139495543820391414147064068629333633 
 0.011370559538602569363274774616456852527
 0.010383673751932049125756840624035248766
 0.008435469569849999779687088619084534002
 0.005602302075225133390357079576915566577
 0.002035650071967319649918204405025790038
-0.002043249731269793003501922257214573619
-0.00635394309372211939235253197466590791 
-0.010571974049276839160982355281248601386
-0.014347932894075147991497232169422204606
-0.017329197597918104961634000460435345303
-0.019183005126725081318506127558976004366
-0.019619352722863338256420462357709766366
-0.018412192732300856207183770152369106654
-0.015417452917837408399304166550791705959
-0.01058658487727892963392584135817742208 
-0.003974606467559025670122085927005173289
 0.004258056375851596020432054956472711638
 0.013850229341406282076998301988624007208
 0.024451030110294910691060010776709532365
 0.035636747142737339177909206000549602322
 0.04693262243114570964053200441412627697 
 0.057838267901130453740865533518444863148
 0.067855189152839681665518867248465539888
 0.076514732392517423309463708847033558413
 0.083404722368895470308025608119351090863
 0.088193125093466856467827597043651621789
 0.090647245470108356313332365061796735972
 0.090647245470108356313332365061796735972
 0.088193125093466856467827597043651621789
 0.083404722368895470308025608119351090863
 0.076514732392517423309463708847033558413
 0.067855189152839681665518867248465539888
 0.057838267901130453740865533518444863148
 0.04693262243114570964053200441412627697 
 0.035636747142737339177909206000549602322
 0.024451030110294910691060010776709532365
 0.013850229341406282076998301988624007208
 0.004258056375851596020432054956472711638
-0.003974606467559025670122085927005173289
-0.01058658487727892963392584135817742208 
-0.015417452917837408399304166550791705959
-0.018412192732300856207183770152369106654
-0.019619352722863338256420462357709766366
-0.019183005126725081318506127558976004366
-0.017329197597918104961634000460435345303
-0.014347932894075147991497232169422204606
-0.010571974049276839160982355281248601386
-0.00635394309372211939235253197466590791 
-0.002043249731269793003501922257214573619
 0.002035650071967319649918204405025790038
 0.005602302075225133390357079576915566577
 0.008435469569849999779687088619084534002
 0.010383673751932049125756840624035248766
 0.011370559538602569363274774616456852527
 0.01139495543820391414147064068629333633 
 0.010525861313994962914497577344263845589
 0.008892935295830302344644024969966267236
 0.006673337954604343161268964479404530721
 0.004076009553097094395557320467560202815
 0.001324591482824617706334779931864886748
-0.001359751164109917033820384979492246202
-0.003774393063386777616430300952288234839
-0.005749113511835414469519633939853520133
-0.007156878465048863331710027324561451678
-0.007920911688955823912183795698638277827
-0.008017718626623981936774043788318522274
-0.007476031682005042020011664760659186868
-0.006371941717791448564489620309814199572
-0.004820746539293215872368225660693497048
-0.002966264695699647770121831769074560725
-0.00096851786022758806597721115139165704 
 0.0010092318540507567384972853474778276  
 0.002813095686385572776616603718480291718
 0.004309895071357007327594867973630243796
 0.005396425525460616691442172765391660505
 0.006006037767540869931615077348396880552
 0.006112150972094939488377107750238792505
 0.005728558270008711483800567521029734053
 0.004906631368463373367438951078156605945
 0.003729760976008895598243775282298884122
 0.002305565952376800124140610037670739985
 0.000756553155513801467262069433417082109
-0.000789997801215173490498033803675070885
-0.00221212029720280027589307536572960089 
-0.003402444106615883784305864878660941031
-0.004275992978562705854050918219400045928
-0.004775951255611126516908981898268393707
-0.004877029563853177429599838887952500954
-0.004586257075197310885406043468037751154
-0.0039412318176038256892224076466391125  
-0.003006055197511596152604163023625005735
-0.001865347702730990207473094066870089591
-0.000616877350079338289921826454786923932
 0.000636578344301020910417365783473542251
 0.001795477678107416756592140671955348807
 0.002771221899129328210265033050063721021
 0.0034927418894954466443980578560513095  
 0.003911488338529519812047929860909789568
 0.004004489047474000390502979485063406173
 0.003775298358702545379467219177627157478
 0.00325283354025756492669541053430748434 
 0.002488257861471020616211946574480862182
 0.001550217425177050903015163463294356916
 0.000518857670223238408649391040228238126
-0.000520872551616310161363976316550861156
-0.001486081556960410941445327459575764806
-0.002302416409031437464355329680643080792
-0.002909668276118411358449611370247112063
-0.003266088258648610232609543757575920608
-0.003351114083609354338255670313628797885
-0.003166341823308709869932986435969723971
-0.002734719560677624592553991433874216455
-0.002098080267670109164829250758543821576
-0.001313258174494238376267540857611493266
-0.000447137025778554921071755723360752199
 0.000428947652225534809163065563808459046
 0.001244991718783601411871253539231929608
 0.001937829336684293145970370275676941674
 0.002455937155554078783065152791209584393
 0.002763177003688842975348549657610419672
 0.002841212349718492957695303857690305449
 0.002690445971793410575439997600710739789
 0.002329447275898248806424994938879535766
 0.001792957770536220954080142142572640296
 0.001128672910515348933382928642288334231
 0.000393089520155318343681838388903315717
-0.000353226350400808245238309934777021226
-0.001050560462058569002538610526187312644
-0.001644765645234238507152446651105037745
-0.002091403871173768466013020983496062399
-0.002359003242055934465581934489364357432
-0.002431196619210458566978649841416881827
-0.002307603486676629636620283747561188648
-0.002003419858452521948311009225562884239
-0.001547784207721261597739959015029853617
-0.000981082380196601289493174569145139685
-0.000351433971599271640067624344894170463
 0.000289339161955688229169170178067815868
 0.000889928754472808780651149618279305287
 0.001403601261524078198592024868673888705
 0.00179178659076657440483992811408597845 
 0.002026922704702702020262972126829481567
 0.002094350590524347768134338920731352118
 0.001993134802330657779495526327195875638
 0.001735773211394081626604557477833168377
 0.001346848550918109191365523713557195151
 0.000860756763578391444376169960861489017
 0.000318716706441309017769358824523351359
-0.000234682721637634658781376706393473341
-0.000755112088251529839366682494983251672
-0.001202015178171210495541854079704080505
-0.0015417314598905221094404804915711793  
-0.001749989976130865345499421081854052318
-0.001813593381819736914672969163575544371
-0.001731179749088672609538819280317056837
-0.001513025745947938708463320622854553221
-0.001179931675050410050387128535476222169
-0.000761300525300263809976020201730761983
-0.000292584108382214799597142995679632804
 0.000187685013734476815669416360776722286
 0.000641029966289136153914651750085340609
 0.001032081541978214925606160967674895801
 0.00133130610945847156594001869933663329 
 0.001517201658720352709652789968686192879
 0.001577801629328455653919482948310815118
 0.001511385062260515175017183686634325568
 0.001326357014424298574536975614535094792
 0.001040329738707313845039181821050533472
 0.00067849757087455988321250677230977999 
 0.000271451951242753701607629546188604763
-0.000147376449574073857323383562878404973
-0.000544436802134631858685054339730413631
-0.00088871931416606778086908491331996629 
-0.001154149593010363400794049404396446334
-0.001321533569293582930509467487922847795
-0.001379910468825894373154361538524881325
-0.001327221634227184181992198475086297549
-0.001170259303231958088881148327686787525
-0.000923917154215261665281544445349481975
-0.000609818948187600411332820460330594869
-0.00025444871809231244712615205294525822 
 0.000113057838963841823971823163930139344
 0.000463278391256348627547101415302677196
 0.000768835254127416206984535484991738485
 0.001006510113973283241858847070204774354
 0.001158980930266888904542343929904291144
 0.001216053425390546715093020857523242739
 0.001175302418731699301626680842502992164
 0.001042086683026868364904116148750290449
 0.000828951056542172825224168430935378638
 0.00055447726959076935621811843546424825 
 0.000241686659943707066351692436256826113
-0.000083869451340825586747873554571697241
-0.000396174789437441149993895939118715432
-0.000670803257390652500798122748193463849
-0.00088680361594123803623684887398326282 
-0.001028270316500830717371117728475837794
-0.001085485003667390358633726421544452023
-0.001055549416011173670393308299253476434
-0.000942471895442971462943104743459343808
-0.000756713105035192136124666539842564816
-0.00051423843425628076083538919860416172 
-0.000235161729155858637528575538766517639
 0.000057905333272191103119973243362750281
 0.000341663805797489034989100620265389807
 0.000593954328487707899388026167031284785
 0.000795458739112233953645614281668940748
 0.00093114784046065214497683859562471298 
 0.000991369248682067534181316936781058757
 0.000972499354908943096018059115692722116
 0.000877118616925526804750656850728773861
 0.000713706826658655306416800812030487577
 0.000495891748985565015278575984325470927
 0.000241317808506877448833372046266276811
-0.000029771130737375715315760904555730804
-0.00029612131487451339145050566159511618 
-0.000537106974049027826971502985742290548
-0.000734291733404207895737070277419888953
-0.000872797428882376362217765386475321066
-0.000942381369206496703402886616629530181
-0.000938147243161510636065558710328105008
-0.000860843997098131516465535639781592181
-0.000716738773191601097854730451075511155
-0.000517081949563320516019548911401670921
-0.000277212067983755657170352737495022666
-0.00001537382382216837776057333231349844 
 0.000248658427629097026224230804203330081
 0.000495047265016931446919568049480631089
 0.000705340583668273373406376602900991202
 0.000863797564490008796915521127601778062
 0.000958499608513604440564181974337998327
 0.000982171576761057965945789227646400832
 0.000932661484921653281300601978642816903
 0.000813052632337124265952954527136853358
 0.000631409010034252602197590853450037685
 0.000400180748148021379201333402875206957
 0.000135319488391300285067692099616465384
-0.000144827660539088365950627368405889683
-0.000420763692668834775236635925566019978
-0.00067313794292583504445121045378641611 
-0.000884003690164493764920561336140281128
-0.001037953654412479814056480265094251081
-0.0011230613524847200823675308356541791  
-0.00113157225688911779355738662644625947 
-0.00106030789778411562926385691696395952 
-0.000910766952716884252774787178452697844
-0.00068892843136371026933895134192198384 
-0.000404781792929858762111056114108009751
-0.000071625912998320086667175532468831989
 0.000294807816966429902128671303174201057
 0.000677344063367706886343022620877718509
 0.001058395529700575671966378266120045737
 0.001420970857986098099395855243187725137
 0.001749596279771648520140470139949684381
 0.002031098053030817428971088745015549648
 0.002255204953118299798786594578814401757
 0.002414944311131978285644983373003924498
 0.002506820196603376689481468275744191487
 0.002530777223410590488078542037442275614
 0.00248996709962777916513854137292582891 
 0.0023903465845670911378573197936248107  
 0.002240144306218102860511764973239223764
 0.002049239516265810925887969062841875711
 0.001828498163303309692606646308377094101
 0.001589110733212599274252752046265868557
 0.001341972459923053721461694287597765651
 0.001097140240279397211189960081867411645
 0.000863392535872539311665729844236238932
 0.000647909413946671001137411760595341548
 0.000456080407889231109492406135430542236
 0.000291438754575822273930330030822233311
 0.000155712402537326458692307218356631893
 0.00004897547815495640938145832654626588 
-0.000030121028908864934506327618035648186
-0.00008406354712027012108556400793446528 
-0.000116160312044956239084340932077310526
-0.000130220108813107948372844724360675173
-0.000130247116810029722354033476783286005
-0.000120169815827346292526692228541662644
-0.000103617302922101703257368177091279904
-0.000083751372713433946395542029073055801
-0.000063157630084193159256990279804000465
-0.000076481759964035429030099200176096019